000006 000037
000007 003720
000010 000000
000011 000144
000012 000310
000013 000454
000014 000620
000015 000000
000016 000001
000017 000001
000020 000764
000021 001130
000022 003720
000037 000021
000040 000000
000041 000002
000042 000023
000043 000010
000044 000002
000045 000004
000046 000101
000047 000014
000050 000000
000051 000012
000052 000004
000053 000022
000054 000101
000055 000017
000056 000004
000057 000021
000060 000005
000061 000004
000062 000002
000063 000023
000064 000053
000065 000144
000066 000021
000067 000000
000070 000017
000071 000007
000072 000022
000073 000101
000074 000014
000075 000016
000076 000003
000077 000004
000100 000013
000101 000101
000102 000021
000103 000004
000104 000013
000105 000000
000106 000023
000107 000010
000110 000016
000111 000015
000112 000022
000113 000007
000114 000010
000115 000017
000116 000022
000117 000053
000120 000144
000121 000000
000122 000023
000123 000000
000124 000101
000125 000003
000126 000021
000127 000010
000130 000025
000131 000004
000132 000022
000133 000101
000134 000003
000135 000004
000136 000002
000137 000010
000140 000022
000141 000010
000142 000016
000143 000015
000144 000022
000145 000053
000146 000144
000147 000002
000150 000000
000151 000013
000152 000000
000153 000101
000154 000022
000155 000024
000156 000017
000157 000017
000160 000016
000161 000021
000162 000023
000163 000022
000164 000101
000165 000005
000166 000024
000167 000015
000170 000002
000171 000023
000172 000010
000173 000016
000174 000015
000175 000000
000176 000013
000177 000101
000200 000017
000201 000021
000202 000016
000203 000006
000204 000021
000205 000000
000206 000014
000207 000014
000210 000010
000211 000015
000212 000006
000213 000053
000214 000144
000215 000004
000216 000000
000217 000021
000220 000015
000221 000054
000222 000101
000223 000000
000224 000003
000225 000000
000226 000017
000227 000023
000230 000054
000231 000101
000232 000006
000233 000021
000234 000016
000235 000026
000236 000053
000237 000144
000240 000016
000241 000002
000242 000024
000243 000022
000244 000101
000245 000005
000246 000024
000247 000004
000250 000013
000251 000022
000252 000101
000253 000022
000254 000024
000255 000002
000256 000002
000257 000004
000260 000022
000261 000022
000262 000053
000263 000144
003720 000014
003721 000016
003722 000003
003723 000004
003724 000013
000144 102106
000145 102207
000146 002100
000147 002600
000150 003100
000151 007501
000152 102313
000153 021300
000154 003100
000155 007544
000156 102313
000157 021300
000160 012200
000161 102315
000162 004310
000163 102312
000164 020300
000165 102315
000166 003306
000167 001501
000170 005306
000171 003715
000172 021711
000310 102315
000311 003306
000312 001501
000313 005306
000314 003307
000315 001501
000316 005307
000317 003715
000320 021711
000454 102315
000455 003710
000456 021714
000457 003717
000460 001541
000461 005717
000462 003722
000463 005707
000464 003715
000465 021711
000620 000000
000764 102315
000765 003710
000766 021714
000767 003720
000770 001746
000771 021721
000772 003720
000773 001541
000774 005720
000775 003715
000776 001541
000777 005717
001000 003715
001001 021711
001130 000000
